Tabela B 465.0 m/s  Mergulhante
	-400	-300	-200	-100	0	100	200	300	400	500	600	700	800	900	1000	
100		|	|	|	|0	|-78	|-97	|-97	|-23	|-23	|-18	|-74	|-60	|-69	|-14	|
200		|	|	|	|0	|0	|-9	|-5	|-5	|0	|0	|5	|9	|9	|-27	|
300		|	|	|	|0	|0	|0	|0	|4	|4	|13	|13	|18	|22	|27	|
400		|	|	|	|0	|0	|0	|0	|4	|9	|13	|18	|22	|31	|35	|
500		|	|	|	|0	|0	|0	|0	|0	|-4	|17	|22	|30	|34	|43	|
600		|	|	|	|0	|0	|0	|0	|0	|0	|13	|25	|30	|42	|50	|
700		|	|	|	|0	|0	|0	|0	|0	|0	|0	|21	|37	|43	|51	|
800		|	|	|	|0	|0	|0	|0	|0	|21	|26	|34	|26	|49	|57	|
900		|	|	|	|0	|0	|0	|0	|16	|20	|28	|36	|45	|53	|61	|
1000		|	|	|	|0	|3	|5	|12	|17	|24	|29	|37	|47	|57	|65	|
1100		|	|	|	|0	|4	|8	|13	|18	|25	|33	|40	|50	|60	|70	|
1200		|	|	|	|0	|2	|7	|12	|17	|25	|33	|41	|51	|60	|71	|
1300		|	|	|	|0	|3	|7	|13	|19	|26	|34	|43	|53	|63	|74	|
1400		|	|	|	|0	|3	|7	|13	|19	|26	|34	|44	|54	|64	|76	|
1500		|	|	|	|0	|2	|7	|13	|19	|26	|36	|45	|55	|66	|78	|
1600		|	|	|	|0	|4	|9	|16	|22	|30	|38	|48	|59	|70	|81	|
1700		|	|	|	|0	|3	|8	|14	|21	|29	|38	|48	|59	|70	|83	|
1800		|	|	|	|0	|5	|8	|15	|23	|31	|40	|50	|61	|72	|85	|
1900		|	|	|	|0	|5	|10	|17	|24	|32	|41	|52	|63	|74	|87	|
2000		|	|	|-3	|0	|5	|10	|17	|25	|33	|42	|53	|64	|76	|89	|
2100		|	|	|-3	|0	|4	|10	|17	|25	|33	|43	|53	|64	|76	|89	|
2200		|	|	|-3	|0	|6	|11	|18	|26	|34	|44	|54	|66	|78	|91	|
2300		|	|	|-3	|0	|6	|11	|19	|27	|35	|45	|56	|67	|79	|92	|
2400		|	|	|-3	|0	|6	|13	|19	|28	|36	|46	|57	|68	|80	|93	|
2500		|	|	|-4	|0	|5	|11	|18	|27	|36	|46	|56	|68	|80	|93	|
2600		|	|-7	|-3	|0	|6	|13	|20	|28	|37	|47	|58	|69	|81	|96	|
2700		|	|-8	|-4	|0	|6	|13	|20	|28	|38	|47	|57	|69	|81	|94	|
2800		|	|-8	|-3	|0	|6	|14	|21	|29	|38	|48	|59	|71	|84	|97	|
2900		|	|-8	|-4	|0	|6	|13	|21	|29	|39	|49	|60	|71	|84	|97	|
3000		|	|-9	|-5	|0	|6	|13	|21	|29	|39	|49	|60	|72	|84	|98	|
3100		|-12	|-9	|-5	|0	|6	|13	|21	|Quase	|39	|50	|60	|73	|85	|99	|
3200		|-13	|-9	|-5	|0	|7	|14	|22	|31	|40	|51	|62	|73	|86	|99	|
3300		|-14	|-9	|-5	|0	|7	|14	|22	|31	|40	|51	|62	|74	|87	|100	|
3400		|-14	|-10	|-5	|0	|6	|14	|22	|31	|41	|51	|63	|75	|87	|101	|
3500	Quase	|-15	|-10	|-5	|0	|7	|14	|22	|32	|42	|52	|63	|76	|88	|102	|
3600	-19	|-15	|-11	|-5	|0	|7	|15	|23	|32	|42	|47	|64	|76	|89	|103	|
3700	-19	|-15	|-11	|-5	|0	|7	|15	|23	|33	|43	|54	|65	|77	|91	|104	|
3800	-20	|-16	|-11	|-6	|0	|7	|15	|24	|33	|43	|54	|65	|78	|91	|105	|
3900	-20	|-16	|-12	|-6	|0	|7	|15	|24	|34	|44	|55	|67	|79	|92	|106	|
4000	-21	|-17	|-12	|-6	|0	|8	|16	|25	|34	|45	|56	|68	|80	|93	|108	|
4100	-22	|-17	|-12	|-6	|0	|8	|16	|25	|34	|45	|56	|69	|81	|94	|109	|
4200	-23	|-18	|-13	|-6	|0	|8	|16	|25	|35	|46	|58	|70	|83	|94	|110	|
4300	-24	|-18	|-13	|-6	|0	|8	|17	|26	|36	|47	|58	|71	|84	|98	|112	|
4400	-25	|-19	|-13	|-6	|0	|8	|17	|27	|36	|48	|59	|72	|85	|99	|Quase	|
4500	-25	|-20	|-14	|-7	|0	|8	|17	|27	|37	|49	|61	|73	|86	|101	|116	|
4600	-26	|-21	|-14	|-7	|0	|8	|18	|28	|38	|50	|62	|75	|88	|102	|118	|
4700	-27	|-21	|-15	|-7	|0	|8	|18	|28	|39	|50	|63	|76	|89	|104	|120	|
4800	-28	|-22	|-15	|-7	|0	|9	|19	|29	|40	|52	|64	|77	|92	|106	|122	|
4900	-29	|-23	|-15	|-8	|0	|9	|19	|29	|41	|53	|66	|79	|93	|108	|124	|
5000	-30	|-23	|-16	|-8	|0	|9	|19	|30	|41	|54	|67	|81	|95	|110	|126	|
5100	-31	|-24	|-16	|-8	|0	|10	|20	|31	|42	|55	|68	|82	|97	|113	|129	|
5200	-32	|-25	|-17	|-9	|0	|10	|20	|32	|44	|56	|70	|84	|99	|115	|131	|
5300	-33	|-25	|-18	|-9	|0	|10	|21	|32	|45	|57	|72	|86	|102	|118	|135	|
5400	-34	|-26	|-18	|-9	|0	|10	|21	|33	|46	|59	|73	|88	|104	|120	|137	|
5500	-35	|-27	|-19	|-9	|0	|11	|22	|34	|47	|60	|75	|90	|106	|123	|140	|
5600	-36	|-28	|-19	|-10	|0	|11	|23	|35	|48	|62	|77	|92	|109	|126	|144	|
5700	-36	|-28	|-19	|-9	|0	|12	|24	|37	|50	|65	|80	|95	|112	|129	|148	|
5800	-39	|-30	|-20	|-10	|0	|12	|24	|37	|50	|65	|81	|97	|114	|132	|150	|
5900	-39	|-30	|-20	|-10	|0	|13	|25	|38	|52	|67	|83	|100	|117	|135	|155	|
6000	-41	|-32	|-22	|-11	|0	|12	|25	|39	|53	|68	|85	|102	|119	|138	|157	|
6100	-43	|-32	|-22	|-11	|0	|13	|26	|40	|55	|70	|87	|104	|122	|141	|161	|
6200	-44	|-33	|-23	|-11	|0	|13	|27	|41	|56	|72	|89	|107	|125	|145	|165	|
6300	-45	|-34	|-23	|-11	|0	|14	|28	|43	|58	|74	|92	|110	|129	|149	|170	|
6400	-46	|-35	|-23	|-11	|0	|15	|29	|44	|60	|77	|95	|113	|133	|153	|174	|
6500	-48	|-37	|-24	|-12	|0	|15	|30	|45	|61	|78	|97	|116	|136	|157	|179	|
6600	-50	|-38	|-26	|-13	|0	|14	|30	|46	|62	|80	|99	|118	|139	|160	|182	|
6700	-51	|-39	|-26	|-13	|0	|16	|31	|48	|65	|82	|102	|122	|143	|165	|188	|
6800	-52	|-40	|-27	|-13	|0	|16	|32	|49	|67	|85	|105	|125	|147	|169	|193	|
6900	-54	|-41	|-27	|-13	|0	|17	|33	|50	|68	|87	|108	|129	|151	|174	|198	|
7000	-56	|-43	|-29	|-14	|0	|16	|33	|51	|69	|89	|110	|131	|154	|177	|202	|
7100	-58	|-44	|-30	|-15	|0	|17	|34	|53	|71	|92	|113	|135	|158	|182	|208	|
7200	-59	|-45	|-30	|-15	|0	|18	|35	|54	|74	|95	|116	|139	|163	|188	|214	|
7300	-61	|-47	|-32	|-16	|0	|18	|36	|55	|75	|97	|119	|142	|167	|192	|219	|
7400	-63	|-49	|-33	|-17	|0	|18	|37	|57	|78	|100	|122	|146	|171	|198	|225	|
7500	-65	|-50	|-34	|-17	|0	|19	|38	|58	|79	|102	|126	|150	|176	|203	|231	|
7600	-67	|-51	|-35	|-18	|0	|19	|39	|60	|82	|105	|129	|155	|181	|209	|238	|
7700	-69	|-52	|-36	|-18	|0	|20	|41	|62	|84	|109	|134	|160	|187	|216	|245	|
7800	-71	|-54	|-36	|-18	|0	|21	|42	|64	|87	|112	|138	|165	|193	|222	|253	|
7900	-74	|-56	|-38	|-19	|0	|21	|43	|65	|89	|115	|141	|169	|198	|228	|260	|
8000	-76	|-58	|-39	|-20	|0	|21	|44	|67	|91	|118	|145	|174	|204	|235	|267	|
8100	-78	|-59	|-40	|-20	|0	|22	|46	|70	|95	|122	|150	|179	|210	|242	|276	|
8200	-81	|-61	|-42	|-21	|0	|23	|47	|71	|98	|126	|154	|185	|216	|249	|284	|
8300	-82	|-63	|-42	|-21	|0	|24	|49	|74	|102	|130	|160	|191	|224	|258	|294	|
8400	-86	|-65	|-45	|-22	|0	|24	|49	|76	|104	|133	|164	|196	|230	|265	|302	|
8500	-88	|-67	|-45	|-22	|0	|26	|52	|79	|108	|138	|170	|203	|238	|275	|313	|
8600	-91	|-70	|-47	|-24	|0	|26	|53	|80	|111	|142	|175	|209	|245	|283	|323	|
8700	-93	|-71	|-48	|-24	|0	|27	|55	|84	|115	|147	|181	|217	|254	|293	|335	|
8800	-97	|-74	|-50	|-25	|0	|28	|56	|86	|119	|152	|187	|224	|262	|303	|346	|
8900	-100	|-77	|-52	|-26	|0	|28	|58	|89	|122	|156	|193	|231	|271	|313	|358	|
9000	-103	|-79	|-53	|-26	|0	|30	|60	|93	|127	|163	|200	|240	|281	|325	|372	|
9100	-106	|-81	|-55	|-27	|0	|31	|62	|96	|131	|168	|207	|248	|291	|337	|386	|
9200	-110	|-85	|-57	|-29	|0	|31	|64	|99	|135	|173	|214	|256	|301	|349	|400	|
9300	-113	|-87	|-58	|-29	|0	|33	|67	|103	|141	|181	|222	|267	|314	|364	|418	|
9400	-118	|-91	|-61	|-31	|0	|33	|68	|106	|145	|186	|230	|277	|326	|379	|435	|
9500	-122	|-94	|-63	|-33	|0	|35	|70	|110	|150	|194	|239	|288	|340	|396	|457	|
9600	-126	|-97	|-66	|-34	|0	|36	|74	|114	|156	|201	|249	|300	|355	|414	|481	|
9700	-131	|-100	|-69	|-35	|0	|37	|77	|118	|163	|210	|260	|314	|372	|437	|508	|
9800	-136	|-104	|-71	|-36	|0	|39	|80	|123	|170	|219	|272	|330	|393	|463	|543	|
9900	-141	|-108	|-74	|-38	|0	|40	|83	|129	|177	|230	|286	|347	|417	|495	|589	|
10000	-146	|-112	|-77	|-39	|0	|42	|87	|135	|186	|242	|302	|370	|447	|540	|
10100	-152	|-116	|-80	|-41	|0	|43	|91	|141	|196	|255	|322	|398	|491	|
10200	-158	|-121	|-83	|-43	|0	|46	|96	|149	|207	|272	|348	|
10300	-164	|-126	|-87	|-44	|0	|48	|101	|158	|222	|296	|
10400	-171	|-133	|-91	|-47	|0	|51	|107	|170	|
10500	-179	|-139	|-96	|-49	|0	|55	|
10600	-188	|-146	|-101	|-52	|0	|59	|
FIM


