Tabela B 465.0 m/s  Vertical
	-400	-300	-200	-100	0	100	200	300	400	500	600	700	800	900	1000	
10600	-450	|-326	|-210	|-101	|0	|91	|
10500	-470	|-342	|-221	|-107	|0	|97	|
10400	-488	|-356	|-230	|-112	|0	|104	|198	|282	|351	|
10300	-506	|-370	|-240	|-116	|0	|109	|209	|301	|382	|448	|
10200	-523	|-383	|-249	|-121	|0	|114	|220	|318	|407	|484	|547	|
10100	-539	|-395	|-258	|-126	|0	|119	|230	|334	|428	|514	|588	|648	|
10000	-556	|-408	|-266	|-130	|0	|123	|239	|348	|448	|541	|623	|693	|750	|
9900	-573	|-420	|-274	|-134	|0	|128	|248	|362	|468	|566	|654	|733	|800	|853	|
9800	-591	|-434	|-284	|-139	|0	|131	|257	|374	|485	|588	|683	|768	|843	|907	|956	|
9700	-607	|-446	|-291	|-142	|0	|137	|266	|389	|505	|612	|712	|803	|886	|957	|1017	|
9600	-624	|-460	|-301	|-148	|0	|139	|273	|401	|521	|633	|738	|835	|923	|1001	|1069	|
9500	-639	|-470	|-308	|-151	|0	|145	|283	|415	|539	|657	|766	|868	|961	|1046	|1120	|
9400	-656	|-483	|-316	|-155	|0	|148	|291	|427	|555	|677	|792	|898	|997	|1087	|1167	|
9300	-672	|-494	|-324	|-159	|0	|153	|299	|439	|572	|698	|817	|928	|1031	|1126	|1213	|
9200	-689	|-508	|-331	|-163	|0	|157	|308	|452	|589	|719	|842	|958	|1066	|1165	|1257	|
9100	-706	|-521	|-341	|-168	|0	|161	|316	|465	|606	|740	|867	|987	|1099	|1203	|1299	|
9000	-721	|-533	|-350	|-172	|0	|165	|324	|477	|622	|762	|892	|1017	|1133	|1241	|1342	|
8900	-740	|-546	|-356	|-176	|0	|169	|333	|491	|639	|782	|917	|1047	|1167	|1279	|1384	|
8800	-757	|-557	|-365	|-180	|0	|174	|341	|502	|656	|803	|942	|1075	|1199	|1318	|1426	|
8700	-775	|-572	|-375	|-183	|0	|178	|350	|516	|673	|824	|968	|1104	|1233	|1354	|1467	|
8600	-792	|-585	|-384	|-189	|0	|182	|358	|527	|690	|846	|993	|1133	|1266	|1392	|1509	|
8500	-810	|-599	|-393	|-193	|0	|187	|367	|542	|707	|867	|1018	|1163	|1300	|1429	|1551	|
8400	-829	|-612	|-401	|-197	|0	|191	|376	|554	|726	|887	|1044	|1192	|1333	|1467	|1592	|
8300	-846	|-625	|-411	|-202	|0	|196	|385	|567	|742	|909	|1070	|1223	|1368	|1505	|1634	|
8200	-866	|-640	|-420	|-207	|0	|200	|394	|580	|759	|931	|1096	|1253	|1402	|1543	|1676	|
8100	-884	|-655	|-430	|-212	|0	|206	|403	|594	|778	|953	|1122	|1284	|1436	|1581	|1718	|
8000	-905	|-669	|-439	|-216	|0	|209	|412	|608	|796	|977	|1150	|1314	|1471	|1621	|1761	|
7900	-924	|-684	|-449	|-222	|0	|214	|421	|621	|814	|998	|1176	|1345	|1506	|1660	|1804	|
7800	-944	|-698	|-459	|-226	|0	|219	|431	|636	|833	|1022	|1204	|1377	|1542	|1699	|1848	|
7700	-966	|-715	|-471	|-232	|0	|223	|439	|649	|850	|1044	|1230	|1408	|1577	|1738	|1892	|
7600	-988	|-731	|-481	|-237	|0	|228	|449	|664	|869	|1068	|1258	|1440	|1614	|1779	|1936	|
7500	-1008	|-746	|-490	|-240	|0	|234	|461	|679	|891	|1094	|1288	|1474	|1652	|1822	|1982	|
7400	-1030	|-762	|-501	|-247	|0	|239	|471	|695	|911	|1119	|1318	|1509	|1691	|1865	|2029	|
7300	-1053	|-779	|-512	|-252	|0	|246	|482	|710	|932	|1144	|1348	|1544	|1730	|1907	|2075	|
7200	-1076	|-795	|-523	|-257	|0	|251	|493	|727	|952	|1170	|1378	|1579	|1770	|1950	|2123	|
7100	-1098	|-814	|-534	|-263	|0	|256	|503	|743	|973	|1195	|1409	|1613	|1809	|1994	|2171	|
7000	-1123	|-832	|-547	|-270	|0	|261	|516	|759	|995	|1222	|1440	|1650	|1849	|2040	|2220	|
6900	-1149	|-851	|-560	|-276	|0	|268	|526	|776	|1017	|1249	|1473	|1686	|1891	|2085	|2270	|
6800	-1175	|-870	|-572	|-282	|0	|273	|538	|793	|1040	|1278	|1507	|1724	|1933	|2132	|2323	|
6700	-1202	|-889	|-585	|-288	|0	|279	|550	|811	|1063	|1306	|1539	|1763	|1976	|2180	|2374	|
6600	-1228	|-908	|-598	|-294	|0	|286	|563	|830	|1088	|1336	|1574	|1803	|2021	|2230	|2428	|
6500	-1255	|-930	|-611	|-300	|0	|292	|576	|848	|1112	|1366	|1610	|1843	|2066	|2279	|2481	|
6400	-1281	|-950	|-625	|-308	|0	|299	|588	|867	|1138	|1397	|1647	|1885	|2113	|2331	|2537	|
6300	-1310	|-972	|-640	|-314	|0	|305	|601	|887	|1163	|1428	|1683	|1927	|2161	|2382	|2594	|
6200	-1337	|-994	|-654	|-322	|0	|312	|615	|908	|1190	|1461	|1721	|1971	|2209	|2436	|2653	|
6100	-1363	|-1016	|-669	|-330	|0	|320	|629	|929	|1217	|1495	|1761	|2016	|2260	|2491	|2711	|
6000	-1385	|-1037	|-684	|-337	|0	|328	|644	|950	|1246	|1529	|1801	|2062	|2311	|2548	|2773	|
5900	-1405	|-1058	|-700	|-345	|0	|335	|659	|973	|1274	|1564	|1843	|2109	|2364	|2605	|2835	|
5800	-1416	|-1078	|-714	|-354	|0	|343	|674	|996	|1304	|1601	|1885	|2158	|2418	|2666	|2899	|
5700	-1413	|-1095	|-730	|-361	|0	|352	|691	|1019	|1335	|1640	|1930	|2209	|2475	|2727	|2966	|
5600		|-1108	|-745	|-370	|0	|360	|708	|1044	|1367	|1678	|1975	|2260	|2531	|2789	|3034	|
5500		|-1114	|-759	|-378	|0	|368	|726	|1069	|1399	|1717	|2023	|2313	|2590	|2853	|3103	|
5400		|-1108	|-770	|-386	|0	|378	|743	|1095	|1433	|1759	|2070	|2368	|2651	|2920	|3175	|
5300		|	|-780	|-395	|0	|385	|759	|1121	|1467	|1799	|2118	|2422	|2712	|2987	|3246	|
5200		|	|-781	|-401	|0	|395	|778	|1148	|1504	|1844	|2170	|2481	|2777	|3058	|3323	|
5100		|	|-776	|-407	|0	|405	|797	|1176	|1540	|1889	|2224	|2542	|2844	|3130	|3402	|
5000		|	|	|-411	|0	|413	|816	|1205	|1578	|1935	|2277	|2602	|2912	|3204	|3480	|
4900		|	|	|-412	|0	|422	|836	|1234	|1617	|1983	|2333	|2666	|2982	|3281	|3563	|
4800		|	|	|-408	|0	|431	|855	|1264	|1656	|2031	|2389	|2730	|3054	|3359	|3647	|
4700		|	|	|-396	|0	|439	|873	|1293	|1696	|2081	|2448	|2798	|3128	|3440	|3734	|
4600		|	|	|	|0	|445	|891	|1321	|1735	|2131	|2507	|2865	|3203	|3522	|3822	|
4500		|	|	|	|0	|449	|906	|1349	|1775	|2181	|2567	|2934	|3280	|3607	|3913	|
4400		|	|	|	|0	|448	|916	|1373	|1810	|2229	|2626	|3001	|3357	|3691	|4004	|
4300		|	|	|	|0	|437	|919	|1390	|1843	|2273	|2681	|3068	|3433	|3776	|4097	|
4200	
Limite de validade do Modelo.
FIM


